1	2014-12-31 22:03:14	1	1	5	0
2	2014-12-31 22:03:14	2	1	5	0
1	2015-01-31 19:32:45	1	1	10	0
2	2015-01-31 19:32:45	2	1	10	0
3	2015-01-31 19:32:45	6	1	10	0
4	2015-01-31 19:32:45	4	1	10	0
1	2014-12-28 10:54:09	2	1	1	0
2	2014-12-28 10:54:09	1	1	1	0
3	2014-12-28 10:54:09	5	1	45	0
1	2014-03-21 09:12:52	1	1	20	0
2	2014-03-21 09:12:52	2	1	30	0
3	2014-03-21 09:12:52	6	1	20	0
4	2014-03-21 09:12:52	3	1	30	0
1	2014-12-28 10:54:09	1	0	50	0
2	2014-12-28 10:54:09	2	0	50	0
3	2014-12-28 10:54:09	6	0	50	0
